Guia_0603 - Tests

Simplificacoes:
a) Sum m(1,2,5,8,12,13)
   = y.z.w' + x.w'.z' + x'.z.w' + x'.y'.w.z'
b) Sum m(0,1,3,5,9,13,15)
   = z.w' + x.y.z + x'.y'.z + x'.y'.w'
c) Sum m(0,1,2,7,10,11,13,15)
   = y.w.z + x.y.z + x.y'.w + y'.w.z' + x'.y'.w'
d) Sum m(2,3,5,7,11,12,15)
   = w.z + x'.y.z + x'.y'.w + x.y.w'.z'
e) Sum m(0,1,3,5,7,8,11,13)
   = x'.z + y'.w.z + y.w'.z + y'.w'.z'

          a     b     c     d     e
x y w z | O S | O S | O S | O S | O S
---------------------------------------
0 0 0 0 | 0 0 | 1 1 | 1 1 | 0 0 | 1 1
0 0 0 1 | 1 1 | 1 1 | 1 1 | 0 0 | 1 1
0 0 1 0 | 1 1 | 0 0 | 1 1 | 1 1 | 0 0
0 0 1 1 | 0 0 | 1 1 | 0 0 | 1 1 | 1 1
0 1 0 0 | 0 0 | 0 0 | 0 0 | 0 0 | 0 0
0 1 0 1 | 1 1 | 1 1 | 0 0 | 1 1 | 1 1
0 1 1 0 | 0 0 | 0 0 | 0 0 | 0 0 | 0 0
0 1 1 1 | 0 0 | 0 0 | 1 1 | 1 1 | 1 1
1 0 0 0 | 1 1 | 0 0 | 0 0 | 0 0 | 1 1
1 0 0 1 | 0 0 | 1 1 | 0 0 | 0 0 | 0 0
1 0 1 0 | 0 0 | 0 0 | 1 1 | 0 0 | 0 0
1 0 1 1 | 0 0 | 0 0 | 1 1 | 1 1 | 1 1
1 1 0 0 | 1 1 | 0 0 | 0 0 | 1 1 | 0 0
1 1 0 1 | 1 1 | 1 1 | 1 1 | 0 0 | 1 1
1 1 1 0 | 0 0 | 0 0 | 0 0 | 0 0 | 0 0
1 1 1 1 | 0 0 | 1 1 | 1 1 | 1 1 | 0 0

O = forma original por mintermos
S = forma simplificada
