Guia_0404 - Tests

a.) F(x,y,z) = Produto M(1,2,4,6)
M x y z = F
0 0 0 0 = 1
1 0 0 1 = 0
2 0 1 0 = 0
3 0 1 1 = 1
4 1 0 0 = 0
5 1 0 1 = 1
6 1 1 0 = 0
7 1 1 1 = 1

b.) F(x,y,z) = Produto M(0,2,3,7)
M x y z = F
0 0 0 0 = 0
1 0 0 1 = 1
2 0 1 0 = 0
3 0 1 1 = 0
4 1 0 0 = 1
5 1 0 1 = 1
6 1 1 0 = 1
7 1 1 1 = 0

c.) F(x,y,w,z) = Produto M(0,1,2,6,7,8,11,13)
M  x y w z = F
 0 0 0 0 0 = 0
 1 0 0 0 1 = 0
 2 0 0 1 0 = 0
 3 0 0 1 1 = 1
 4 0 1 0 0 = 1
 5 0 1 0 1 = 1
 6 0 1 1 0 = 0
 7 0 1 1 1 = 0
 8 1 0 0 0 = 0
 9 1 0 0 1 = 1
10 1 0 1 0 = 1
11 1 0 1 1 = 0
12 1 1 0 0 = 1
13 1 1 0 1 = 0
14 1 1 1 0 = 1
15 1 1 1 1 = 1

d.) F(x,y,w,z) = Produto M(1,2,4,6,8,12,14)
M  x y w z = F
 0 0 0 0 0 = 1
 1 0 0 0 1 = 0
 2 0 0 1 0 = 0
 3 0 0 1 1 = 1
 4 0 1 0 0 = 0
 5 0 1 0 1 = 1
 6 0 1 1 0 = 0
 7 0 1 1 1 = 1
 8 1 0 0 0 = 0
 9 1 0 0 1 = 1
10 1 0 1 0 = 1
11 1 0 1 1 = 1
12 1 1 0 0 = 0
13 1 1 0 1 = 1
14 1 1 1 0 = 0
15 1 1 1 1 = 1

e.) F(x,y,w,z) = Produto M(0,1,2,4,7,12,15)
M  x y w z = F
 0 0 0 0 0 = 0
 1 0 0 0 1 = 0
 2 0 0 1 0 = 0
 3 0 0 1 1 = 1
 4 0 1 0 0 = 0
 5 0 1 0 1 = 1
 6 0 1 1 0 = 1
 7 0 1 1 1 = 0
 8 1 0 0 0 = 1
 9 1 0 0 1 = 1
10 1 0 1 0 = 1
11 1 0 1 1 = 1
12 1 1 0 0 = 0
13 1 1 0 1 = 1
14 1 1 1 0 = 1
15 1 1 1 1 = 0
