Guia_0405 - Tests

a.) SoP(1,3) e PoS(0,2)
n x y = SoP PoS
0 0 0 =  0   0
1 0 1 =  1   1
2 1 0 =  0   0
3 1 1 =  1   1

b.) SoP(0,2,3) e PoS(1)
n x y = SoP PoS
0 0 0 =  1   1
1 0 1 =  0   0
2 1 0 =  1   1
3 1 1 =  1   1

c.) SoP(0,1,2,6,7) e PoS(3,4,5)
n x y z = SoP PoS
0 0 0 0 =  1   1
1 0 0 1 =  1   1
2 0 1 0 =  1   1
3 0 1 1 =  0   0
4 1 0 0 =  0   0
5 1 0 1 =  0   0
6 1 1 0 =  1   1
7 1 1 1 =  1   1

d.) SoP(0,2,4,6) e PoS(1,3,5,7)
n x y z = SoP PoS
0 0 0 0 =  1   1
1 0 0 1 =  0   0
2 0 1 0 =  1   1
3 0 1 1 =  0   0
4 1 0 0 =  1   1
5 1 0 1 =  0   0
6 1 1 0 =  1   1
7 1 1 1 =  0   0

e.) SoP(0,1,4,5,6,10,11,12,15) e PoS(2,3,7,8,9,13,14)
n  x y w z = SoP PoS
 0 0 0 0 0 =  1   1
 1 0 0 0 1 =  1   1
 2 0 0 1 0 =  0   0
 3 0 0 1 1 =  0   0
 4 0 1 0 0 =  1   1
 5 0 1 0 1 =  1   1
 6 0 1 1 0 =  1   1
 7 0 1 1 1 =  0   0
 8 1 0 0 0 =  0   0
 9 1 0 0 1 =  0   0
10 1 0 1 0 =  1   1
11 1 0 1 1 =  1   1
12 1 1 0 0 =  1   1
13 1 1 0 1 =  0   0
14 1 1 1 0 =  0   0
15 1 1 1 1 =  1   1
